# nothing here yet
97559 a.k.a.NGC5953/4
97560       -0,-5
97562       -0
97563       -0
97905       -0,-5 but all wiggly first halt
97906       -0,-5
97907       -0,-5
97908       -0,-5
97912       -0,-5
97913       -0,-5
97915       pointing
97955       .
97956       .
97960       .
97961       .
97965       .
97966       .
98082       tau high
98083       not detected?
99286       -0,-14,-15
99288       -0,-14,-15
99290       -0,-14,-15
99291       -0,-14,-15
99295       -0,-14,-15
99296       -0,-14,-15
99300       -0,-14,-15
99301       -0,-14,-15
99303       -0,-14,-15
99304       -0,-14,-15
99306       -0,-14,-15
99307       -0,-14,-15
99319       -0,-14,-15
99320       -0,-14,-15  6?
99322       -0,-14,-15
99323       -0,-14,-15
99341       -0,-14,-15 windy?
99342       -0,-14,-15 windy?
99492       -0,-5?,-14,-15
99493       -0,-5?,-14,-15
99495       -0,-14,-15
99496       -0,-5,-14,-15 wavy
99498       -0,-14,-15 very wavy; discard?
99499       -0,-14,-15 very wavy; discard?
99537       -0,-5,-14,-15
99538       -0,-5,-14,-15

99546       -0,-5
99547       -0,-5
99549       -0,-5
99550       -0,-5, 8?
99552       -0,-5
99553       -0,-5


97955_97961 .
97955_97966 ALL SO FAR
97559_97563 .
97559_97913 ALL SO FAR
98082_98083 
98082_98779 ALL SO FAR
99286_99342
99286_99538 ALL SO FAR
99546_99553 ALL SO FAR
